.Random.seed <-
c(403L, 10L, -2036485897L, -315369954L, 1527671000L, -1717887941L, 
-177494567L, 1856701288L, 1403842198L, 539363345L, 377039299L, 
1274303954L, 1394613348L, 2135092135L, -2022112003L, 1992777972L, 
964073434L, -903984347L, -2122900929L, 1103290822L, -822749616L, 
-1497208205L, 2085834385L, -699869504L, -1617035106L, -887477143L, 
278902939L, -1715144278L, -1706466868L, -1442526065L, -1788672827L, 
899204220L, 589183186L, -1193306035L, -474771193L, 1322607854L, 
-2052600376L, -1663552821L, 1190722345L, 1367710584L, 727310502L, 
642276033L, 463997779L, -1596934142L, 39703860L, -1593762121L, 
-788905299L, 439227332L, 2103344106L, 1405076565L, -695559697L, 
741622262L, 170940192L, 1088014563L, 801267073L, -1392821264L, 
306897550L, -229353991L, -459913333L, -969452614L, 859974332L, 
1501733375L, 535637845L, -1689540500L, 20847810L, -627706083L, 
-1427264105L, 1292471550L, -976349512L, 1143597211L, 287868665L, 
972163144L, -1939014794L, 1098587825L, 1496878819L, 1825168818L, 
1209239044L, -255689401L, 1351628829L, -1907597676L, -11659718L, 
-2007959419L, 318762335L, 357615078L, -2123875216L, 844046227L, 
923383857L, 1286977248L, -1922990210L, 1304180233L, -1837113797L, 
1877327882L, -833888276L, 377164911L, 1581706149L, 2088815452L, 
654219058L, 1364157997L, 683224295L, 1837727246L, 659538920L, 
741039595L, -679115127L, -1509575144L, 1185414470L, 2127174561L, 
-1272293837L, -1498117214L, -1329742188L, 319380759L, -247149811L, 
935696932L, -588578294L, -1912988811L, -1975976241L, -272166442L, 
-108331648L, -849218109L, 228660065L, 227977680L, -997203666L, 
-508491559L, 1478558443L, -1244000422L, -1961068260L, -1771712481L, 
468679797L, -1995101940L, -419060510L, -1740427843L, -2093458889L, 
-1932269346L, 465585176L, -914433157L, -1776497895L, 1304459176L, 
-1957374122L, -291336239L, 1997867907L, 1637608978L, 1788660132L, 
1735322983L, 1320817341L, -1943662028L, 1575586202L, -1962052123L, 
-666660481L, 267663622L, 1412457104L, 1758012211L, 413513937L, 
-1067435392L, 287017822L, -1334290263L, -1146864805L, 1072343402L, 
-756704244L, 1580366927L, -937972475L, 2031308220L, -446207854L, 
-344831091L, -716444729L, 1138503854L, 1827684616L, -1799692533L, 
-1835505175L, -2116833608L, 795982182L, 20642305L, 1724576915L, 
1527435074L, -1078640396L, 1687698679L, 476427501L, -787855484L, 
605141418L, 2129714965L, 2133491119L, 516146614L, -996566048L, 
-1873874141L, 49640513L, -571758800L, -1078704818L, -1915369543L, 
1129087435L, 805479034L, 1084204924L, 1867753407L, 149663893L, 
-1440825684L, -142340990L, 1702394973L, 1123820375L, 1461263934L, 
-758787464L, -1839382181L, -1780182855L, -1328660216L, -888368202L, 
782127345L, -1528371421L, 1587405170L, 13448132L, -1326235769L, 
882640221L, -427590828L, -1768406662L, -860435259L, 1545334303L, 
-858625626L, 341748528L, 1456531923L, -1488547855L, -312305376L, 
407930814L, -326252599L, 1587005307L, 762781002L, 92289452L, 
1326412975L, -2045407643L, -935094756L, 787204210L, -1412763923L, 
-361188569L, -1384255666L, -2093250648L, -401918830L, 1134379808L, 
1054089676L, 1845831136L, -1980836158L, -948750296L, 1780123308L, 
-1682386756L, 1749605874L, -1721438928L, 1514611876L, -671061320L, 
-792192678L, -80549488L, 487053180L, 1015662868L, -361267390L, 
-1052782848L, -1373260868L, 1043350352L, 355004194L, 1873409352L, 
-1790710260L, 896919644L, 321695954L, 1457397248L, -387980972L, 
346607080L, -1732105222L, -467108656L, 1063131436L, 1657026292L, 
-1359831662L, -1601015712L, -1076366068L, 1918102240L, 259722594L, 
-2131483992L, 472410700L, -878381700L, 1410312498L, 1459944560L, 
1985473348L, 1472594392L, -736729990L, -1764907472L, 2097128124L, 
-716369068L, -1406967742L, -531936864L, 2012681916L, -1051652656L, 
1963306338L, 2143938536L, 1197236172L, 592380668L, -972618254L, 
236240000L, 540924148L, -1887389048L, 1577495354L, 25343824L, 
114686572L, 2060568724L, -1107230382L, -1492097312L, -460515636L, 
-687859552L, 486119298L, -1624013080L, -2034237716L, -5382084L, 
476702322L, -1194298256L, 1711708708L, 1019209784L, 399044634L, 
990078672L, -526525380L, 381246612L, 15026306L, -201818176L, 
-1613182660L, -1372395888L, 713121826L, -467798008L, -462775156L, 
-910273508L, -212448622L, -1989357440L, -1643322348L, -327337688L, 
1879808570L, -1847561008L, 697406572L, -1977045324L, 2082228242L, 
-1492744224L, 745628620L, -95420960L, -256032222L, 1880108328L, 
119612684L, -847094212L, -477032206L, 1978420976L, -1118933180L, 
-709394856L, -821573062L, -1390154000L, -1764224836L, 1098748436L, 
-1989765950L, 516240480L, -688685700L, 1690063056L, 254493730L, 
-1293459800L, -1142520948L, 1018269116L, 52886578L, 551790400L, 
-1857805132L, 2084693832L, 519932602L, 1838858000L, -269427476L, 
1526482004L, -498110702L, 446052256L, 76501964L, 2116662112L, 
-1885616958L, -2011687384L, -1267870292L, 1063398204L, 845428594L, 
-534489296L, 177116708L, -2090228680L, 1615642842L, 596776336L, 
1006779132L, 1195709332L, -20785342L, -1162879488L, 1178371644L, 
-245740976L, 406705826L, 1064813384L, 2009117196L, 297335004L, 
-904086958L, -692596608L, -1946498220L, -874863128L, -694173958L, 
-807335088L, -2050216916L, 303778164L, -2094664046L, -1339339168L, 
378545804L, 1179318112L, -601908510L, 630927528L, 1390689484L, 
-1239555588L, 875937714L, -1167939088L, -1721137724L, -1536304296L, 
1487245178L, 76518832L, 976754108L, -691436460L, 648366018L, 
-1076025568L, -1697727556L, 293852752L, 1988782562L, 1594627432L, 
-1145492148L, 31134972L, 260807410L, -637426944L, 1788317300L, 
-839035896L, 806582714L, 2039051216L, -1355258388L, -1244016748L, 
1449803474L, -1221866912L, -1113891508L, 1080533280L, -2082210174L, 
1526838760L, -951782420L, -1801102788L, -300444046L, -1325626512L, 
443691300L, 151069240L, 611793306L, 79105488L, -629097028L, 1679819924L, 
479176834L, 1362451904L, 1981456188L, -1802104688L, -968037598L, 
355359240L, 167471372L, 1710905756L, 120064530L, -1659797632L, 
637463316L, -553791192L, -22767558L, 1796971472L, 1740582508L, 
1544262196L, -1467775342L, 1860988256L, -2079454900L, 1007322329L, 
642564683L, -1977712452L, 1056487146L, 1584801567L, -1163880535L, 
-2097405634L, -1315059668L, -876374403L, -1817757497L, -437684816L, 
-1763323954L, 1963119867L, -22117539L, -1636464502L, 1565120168L, 
1531853329L, -1371960573L, 1247190532L, 1582468658L, -858902905L, 
1669817041L, 2060481622L, 1889188916L, -1233920187L, 1898112399L, 
1748886792L, 1946711846L, 80386003L, -360638155L, -1678864238L, 
1645564000L, 125994441L, -1189061381L, 710136524L, 892532570L, 
-1552776625L, -1027201255L, -1758899922L, -1293946052L, -1072539475L, 
412285783L, -805769568L, 1216194558L, 466038475L, -830603059L, 
-341605382L, -1006899144L, 1749502433L, -847908205L, -888153932L, 
-678491710L, -165858857L, 1649843745L, -1778887194L, 982166756L, 
70521877L, 960283711L, -881062952L, -313827850L, -662053373L, 
724441413L, -1058128542L, 735043280L, 1970600441L, -1805317845L, 
638022300L, -1776346934L, -55340609L, -1414793975L, 1349482014L, 
-595514420L, -129291875L, -629300185L, -1776981424L, 830019310L, 
-1394561125L, 350658045L, 1032650986L, 1739400072L, -1894265551L, 
-1551387229L, 992960932L, -537168814L, -567701593L, -1450996751L, 
450735926L, -657224748L, 1132437861L, -183280273L, 1028431784L, 
-2038475514L, -2036343757L, -1041139051L, -113259790L, -1456524480L, 
-351922007L, -1109275365L, -1602675988L, -542324998L, 1973770031L, 
1199757113L, -278951602L, -98289764L, 1470502157L, 414941047L, 
1234918272L, -343617058L, 148645547L, -367228499L, 582147610L, 
398024920L, 1052306753L, 760235507L, 1492689940L, 661465506L, 
-42402121L, -749676415L, 889303174L, 1692558532L, -1112849931L, 
346922079L, 1586003640L, 439463830L, -1014061661L, 1350056293L, 
592900226L, 226867696L, 1198698393L, 1195739531L, -1125804932L, 
225476266L, 1790212319L, -1145729431L, 664427646L, 1110570092L, 
